%YAML:1.0
---
image_width: 640
image_height: 480
camera_matrix: !!opencv-matrix
   rows: 3
   cols: 3
   dt: f
   data: [ 9.64944519e+02, 0., 3.42180237e+02, 0., 9.55385193e+02,
       2.26915009e+02, 0., 0., 1. ]
distortion_coefficients: !!opencv-matrix
   rows: 1
   cols: 5
   dt: f
   data: [ 3.16922069e-01, -5.50745916e+00, 2.15196772e-03,
       3.65493190e-03, 2.29880619e+01 ]
